{
  "schema_version": "1.0.0",
  "metric": "import-coupling",
  "description": "Module coupling based on import relationships in the Agent Paradise Standards System",
  "modules": [
    "aps-cli",
    "aps-core::discovery",
    "aps-core::metadata", 
    "aps-core::diagnostics",
    "aps-core::promotion",
    "aps-core::templates",
    "aps-core::versioning",
    "aps-core::views",
    "code-topology",
    "code-topology-3d"
  ],
  "matrix": [
    [1.0, 0.85, 0.70, 0.60, 0.55, 0.50, 0.65, 0.40, 0.10, 0.05],
    [0.85, 1.0, 0.75, 0.55, 0.65, 0.60, 0.25, 0.50, 0.05, 0.00],
    [0.70, 0.75, 1.0, 0.45, 0.50, 0.55, 0.30, 0.35, 0.05, 0.00],
    [0.60, 0.55, 0.45, 1.0, 0.25, 0.20, 0.10, 0.30, 0.05, 0.00],
    [0.55, 0.65, 0.50, 0.25, 1.0, 0.40, 0.20, 0.20, 0.00, 0.00],
    [0.50, 0.60, 0.55, 0.20, 0.40, 1.0, 0.15, 0.15, 0.00, 0.00],
    [0.65, 0.25, 0.30, 0.10, 0.20, 0.15, 1.0, 0.10, 0.00, 0.00],
    [0.40, 0.50, 0.35, 0.30, 0.20, 0.15, 0.10, 1.0, 0.00, 0.00],
    [0.10, 0.05, 0.05, 0.05, 0.00, 0.00, 0.00, 0.00, 1.0, 0.80],
    [0.05, 0.00, 0.00, 0.00, 0.00, 0.00, 0.00, 0.00, 0.80, 1.0]
  ],
  "layout": {
    "algorithm": "force-directed",
    "seed": 42,
    "positions": {
      "aps-cli": [0.0, 3.0, 0.0],
      "aps-core::discovery": [-2.0, 0.0, 1.0],
      "aps-core::metadata": [-1.5, -0.5, 2.0],
      "aps-core::diagnostics": [-2.5, 0.5, -1.0],
      "aps-core::promotion": [-1.0, 0.0, -2.0],
      "aps-core::templates": [0.0, -0.5, -1.5],
      "aps-core::versioning": [1.5, 0.5, 0.0],
      "aps-core::views": [2.0, 0.0, 1.5],
      "code-topology": [5.0, 1.0, 0.0],
      "code-topology-3d": [6.5, 0.5, 0.5]
    }
  }
}
